布局区域宽度,布局区域高度,水平方向网格数,竖直方向网格数,密度阈值
38080,37800,64,60,0.9

电路单元名称,(左下角X,Y坐标),宽度,高度,(连线接口名称),(对应连线接口相对单元左下角的偏置坐标)
Cell1,(28431,23878),1120,1800,(A2,B,A1),((630,1051),(910,870),(385,672))
Cell2,(29042,24255),560,1800,(I),((205,860))
Cell3,(28483,24118),840,1800,(A1,A2),((505,1002),(195,880))
Cell4,(28111,23599),840,1800,(ZN,A2),((602,913),(195,870))
Cell5,(28389,23035),840,1800,(A1,ZN,A2),((505,1002),(605,850),(195,880))
Cell6,(26258,23827),1120,1800,(ZN,B),((483,716),(910,870))
Cell7,(25248,23423),1120,1800,(A1,A2,B,ZN),((385,672),(630,1051),(910,870),(483,716))
Cell8,(29372,23147),560,1800,(I,ZN),((205,860),(438,815))
Cell9,(28724,23442),840,1800,(A2,A1),((195,880),(505,1002))
Cell10,(26949,23769),560,1800,(ZN,I),((438,815),(205,860))
Cell11,(25304,23316),840,1800,(A2,A1,ZN),((195,870),(505,762),(602,913))
Cell12,(25774,23956),1400,1800,(B1,A1,ZN),((400,1200),(1000,400),(650,800))
Cell13,(24858,24171),4480,1800,(Q,D,CN),((4333,870),(1246,1100),(780,1000))
Cell14,(24403,23887),4480,1800,(Q,D,CN),((4333,870),(1246,1100),(780,1000))
Cell15,(24943,24299),560,1800,(ZN),((438,815))
Cell16,(27781,25544),3640,1800,(A1),((850,800))
Cell17,(19428,33130),1400,1800,(I),((207,882))
Cell18,(31474,23317),4200,1800,(Q,D),((4067,880),(1000,800))
Cell19,(28713,20023),4200,1800,(Q,D),((4067,880),(1000,800))
Cell20,(29733,14423),4200,1800,(Q,D),((4067,880),(1000,800))
Cell21,(25783,14913),4200,1800,(Q,D),((4067,880),(1000,800))
Cell22,(23282,9411),4200,1800,(Q,D),((4067,880),(1000,800))
Cell23,(15612,9850),4200,1800,(Q,D),((4067,880),(1000,800))
Cell24,(13581,12682),4200,1800,(Q,D),((4067,880),(1000,800))
Cell25,(9523,15862),4200,1800,(Q,D),((4067,880),(1000,800))
Cell26,(11298,18860),4200,1800,(Q,D),((4067,880),(1000,800))
Cell27,(9374,21795),4200,1800,(Q,D),((4067,880),(1000,800))
Cell28,(10315,24372),4200,1800,(Q,D),((4067,880),(1000,800))
Cell29,(11673,26704),4200,1800,(Q,D),((4067,880),(1000,800))
Cell30,(11604,29936),4200,1800,(Q,D),((4067,880),(1000,800))
Cell31,(16159,34315),4200,1800,(Q,D),((4067,880),(1000,800))
Cell32,(14392,32623),4200,1800,(Q,D),((4067,880),(1000,800))
Cell33,(29817,19783),1680,1800,(B1,ZN,A2),((195,870),(825,975),(1485,882))
Cell34,(31027,19843),560,1800,(I,ZN),((205,860),(438,815))
Cell35,(31548,22984),1960,1800,(B1,A2,Z),((1057,1135),(207,855),(1813,906))
Cell36,(29982,14539),1960,1800,(B1,A2,Z),((1057,1135),(207,855),(1813,906))
Cell37,(26144,15020),1960,1800,(B1,A2,Z),((1057,1135),(207,855),(1813,906))
Cell38,(23463,9561),1960,1800,(B1,A2,Z),((1057,1135),(207,855),(1813,906))
Cell39,(18429,7952),1960,1800,(B1,A2,Z),((1057,1135),(207,855),(1813,906))
Cell40,(16002,9924),1960,1800,(B1,A2,Z),((1057,1135),(207,855),(1813,906))
Cell41,(14101,12652),1960,1800,(B1,A2,Z),((1057,1135),(207,855),(1813,906))
Cell42,(10096,15968),1960,1800,(B1,A2,Z),((1057,1135),(207,855),(1813,906))
Cell43,(11698,18835),1960,1800,(B1,A2,Z),((1057,1135),(207,855),(1813,906))
Cell44,(9988,21635),1960,1800,(B1,A2,Z),((1057,1135),(207,855),(1813,906))
Cell45,(10832,24081),1960,1800,(B1,A2,Z),((1057,1135),(207,855),(1813,906))
Cell46,(12169,26633),1960,1800,(B1,A2,Z),((1057,1135),(207,855),(1813,906))
Cell47,(12138,29692),1960,1800,(B1,A2,Z),((1057,1135),(207,855),(1813,906))
Cell48,(14813,32264),1960,1800,(B1,A2,Z),((1057,1135),(207,855),(1813,906))
Cell49,(16404,33925),1960,1800,(B1,A2,Z),((1057,1135),(207,855),(1813,906))
Cell50,(18219,7567),4480,1800,(Q,CN,D),((4333,870),(780,1000),(1246,1100))
Cell51,(19012,7200),560,1800,(Z),((405,1290))
Cell52,(31891,21775),560,1800,(I,ZN),((205,860),(438,815))
Cell53,(30678,15834),560,1800,(I,ZN),((205,860),(438,815))
Cell54,(24661,11650),560,1800,(I,ZN),((205,860),(438,815))
Cell55,(20336,10460),560,1800,(I,ZN),((205,860),(438,815))
Cell56,(19529,11600),560,1800,(I,ZN),((205,860),(438,815))
Cell57,(19351,11352),1680,1800,(A1,B2,A2,ZN,B1),((1162,757),(523,1308),(1485,860),(820,825),(195,880))
Cell58,(14249,22150),560,1800,(I,ZN),((205,860),(438,815))
Cell59,(15696,26200),560,1800,(I,ZN),((205,860),(438,815))
Cell60,(14838,23282),560,1800,(I,ZN),((205,860),(438,815))
Cell61,(14426,24614),1400,1800,(B1,A1,A2,ZN,B2),((400,1200),(1000,400),(1195,870),(650,800),(195,870))
Cell62,(17718,30990),560,1800,(I,ZN),((205,860),(438,815))
Cell63,(18104,31330),560,1800,(I,ZN),((205,860),(438,815))
Cell64,(17165,31424),1400,1800,(A1,B2,B1,ZN,A2),((945,1168),(202,880),(580,500),(661,880),(1195,880))
Cell65,(16536,30681),1400,1800,(A2,B,A1,ZN),((540,900),(1077,780),(207,870),(1160,873))
Cell66,(15059,26208),1120,1800,(A1,A2,Z),((200,835),(540,900),(973,876))
Cell67,(15504,28680),1400,1800,(A2,B,ZN,A1),((540,900),(1077,780),(1160,873),(207,870))
Cell68,(15156,27463),1400,1800,(A2,C,B,A1,ZN),((195,870),(1205,870),(780,400),(580,1316),(693,895))
Cell69,(14566,23633),1400,1800,(A1,B2,B1,A2,ZN),((1000,400),(195,870),(400,1200),(1195,870),(650,800))
Cell70,(14885,19790),560,1800,(I,ZN),((205,860),(438,815))
Cell71,(14124,21001),1680,1800,(B2,A1,A2,ZN,B1),((720,502),(1162,985),(1485,882),(825,975),(195,870))
Cell72,(14120,22136),1680,1800,(A1,C,B1,B2,A2,ZN),((486,1298),(605,487),(1465,892),(1200,1291),(205,892),(1020,765))
Cell73,(13433,17520),560,1800,(I,ZN),((205,860),(438,815))
Cell74,(13982,18706),1680,1800,(A1,B2,A2,B1,ZN),((1162,985),(720,502),(1485,882),(195,870),(825,975))
Cell75,(14528,18241),1400,1800,(B1,B2,A2,A1,ZN),((580,500),(202,880),(1195,880),(945,1168),(661,880))
Cell76,(18565,11830),1120,1800,(A1,A2,Z),((200,835),(540,900),(973,876))
Cell77,(17015,14046),1400,1800,(A2,B,ZN,A1),((540,900),(1077,780),(1160,873),(207,870))
Cell78,(17631,13320),1400,1800,(A2,C,B,A1,ZN),((195,870),(1205,870),(780,400),(580,1316),(693,895))
Cell79,(20065,11789),1400,1800,(A1,B2,B1,A2,ZN),((1000,400),(195,870),(400,1200),(1195,870),(650,800))
Cell80,(23371,12265),1400,1800,(A2,B,ZN,A1),((540,900),(1077,780),(1160,873),(207,870))
Cell81,(24970,12871),1120,1800,(A1,B,A2,ZN),((320,900),(815,900),(560,1000),(560,1047))
Cell82,(29836,15884),840,1800,(A2,ZN,A1),((195,870),(602,913),(505,762))
Cell83,(27946,15336),1400,1800,(A2,B,ZN,A1),((540,900),(1077,780),(1160,873),(207,870))
Cell84,(28504,15564),1400,1800,(A2,C,B,A1,ZN),((195,870),(1205,870),(780,400),(580,1316),(693,895))
Cell85,(29912,16822),1120,1800,(A1,B,A2,ZN),((320,900),(815,900),(560,1000),(560,1047))
Cell86,(31131,20776),840,1800,(A2,ZN,A1),((195,870),(602,913),(505,762))
Cell87,(30811,19442),1400,1800,(A2,B,ZN,A1),((540,900),(1077,780),(1160,873),(207,870))
Cell88,(30697,20028),1400,1800,(A2,C,B,A1,ZN),((195,870),(1205,870),(780,400),(580,1316),(693,895))
Cell89,(30343,21459),1400,1800,(Z,A1,B,A2),((1253,873),(560,900),(820,900),(210,870))
Cell90,(28823,18920),1680,1800,(A4,A3,A2,A1,Z),((305,907),(582,907),(862,1002),(1105,955),(1559,896))
Cell91,(20291,13361),1680,1800,(A4,A3,A2,A1,Z),((305,907),(582,907),(862,1002),(1105,955),(1559,896))
Cell92,(16067,20636),1680,1800,(A4,A3,A2,A1,Z),((305,907),(582,907),(862,1002),(1105,955),(1559,896))
Cell93,(18369,28317),1680,1800,(A4,A3,A2,A1,Z),((305,907),(582,907),(862,1002),(1105,955),(1559,896))
Cell94,(21343,21087),2520,1800,(ZN,A4,A3,A2,A1),((1361,720),(1540,800),(1895,809),(583,915),(761,478))
Cell95,(30214,19776),1400,1800,(ZN,B),((1160,873),(1077,780))
Cell96,(26601,23661),1120,1800,(A1),((370,660))
Cell97,(26776,23360),840,1800,(A2),((195,880))
Cell98,(30782,19603),1400,1800,(A2,ZN),((1195,870),(650,800))
Cell99,(23157,10349),1400,1800,(A2,ZN),((1195,870),(650,800))
Cell100,(22624,9815),1400,1800,(ZN,B),((1160,873),(1077,780))
Cell101,(15816,31753),1400,1800,(A2,ZN),((1195,870),(650,800))
Cell102,(14471,32151),1400,1800,(ZN,B),((1160,873),(1077,780))
Cell103,(15234,12935),1400,1800,(A2,ZN),((1195,870),(650,800))
Cell104,(13794,12695),1400,1800,(ZN,B),((1160,873),(1077,780))
Cell105,(17125,33272),1400,1800,(A2,ZN),((1195,870),(650,800))
Cell106,(15991,33785),1400,1800,(ZN,B),((1160,873),(1077,780))
Cell107,(13335,27088),1400,1800,(A2,ZN),((1195,870),(650,800))
Cell108,(11845,26940),1400,1800,(ZN,B),((1160,873),(1077,780))
Cell109,(11923,23636),1400,1800,(A2,ZN),((1195,870),(650,800))
Cell110,(10445,23920),1400,1800,(ZN,B),((1160,873),(1077,780))
Cell111,(13307,29676),1400,1800,(A2,ZN),((1195,870),(650,800))
Cell112,(11822,29792),1400,1800,(ZN,B),((1160,873),(1077,780))
Cell113,(11028,16675),1400,1800,(A2,ZN),((1195,870),(650,800))
Cell114,(9658,16253),1400,1800,(ZN,B),((1160,873),(1077,780))
Cell115,(26848,15816),1400,1800,(A2,ZN),((1195,870),(650,800))
Cell116,(25729,15441),1400,1800,(ZN,B),((1160,873),(1077,780))
Cell117,(30038,15318),1400,1800,(A2,ZN),((1195,870),(650,800))
Cell118,(29347,14829),1400,1800,(ZN,B),((1160,873),(1077,780))
Cell119,(31069,22564),1400,1800,(A2,ZN),((1195,870),(650,800))
Cell120,(30624,22923),1400,1800,(ZN,B),((1160,873),(1077,780))
Cell121,(10977,21568),1400,1800,(A2,ZN),((1195,870),(650,800))
Cell122,(9538,21593),1400,1800,(ZN,B),((1160,873),(1077,780))
Cell123,(12633,19150),1400,1800,(A2,ZN),((1195,870),(650,800))
Cell124,(11254,18945),1400,1800,(ZN,B),((1160,873),(1077,780))
Cell125,(16835,10478),1400,1800,(A2,ZN),((1195,870),(650,800))
Cell126,(15548,10066),1400,1800,(ZN,B),((1160,873),(1077,780))
Cell127,(18683,8672),1400,1800,(A2,ZN),((1195,870),(650,800))
Cell128,(17749,8126),1400,1800,(ZN,B),((1160,873),(1077,780))
Cell129,(16813,33056),1960,1800,(B1,Z),((1057,1135),(1813,906))
Cell130,(15598,31355),1960,1800,(B1,Z),((1057,1135),(1813,906))
Cell131,(12794,29228),1960,1800,(B1,Z),((1057,1135),(1813,906))
Cell132,(13053,26502),1960,1800,(B1,Z),((1057,1135),(1813,906))
Cell133,(11559,23514),1960,1800,(B1,Z),((1057,1135),(1813,906))
Cell134,(10693,21409),1960,1800,(B1,Z),((1057,1135),(1813,906))
Cell135,(12299,18917),1960,1800,(B1,Z),((1057,1135),(1813,906))
Cell136,(10580,16197),1960,1800,(B1,Z),((1057,1135),(1813,906))
Cell137,(14699,12964),1960,1800,(B1,Z),((1057,1135),(1813,906))
Cell138,(16319,10332),1960,1800,(B1,Z),((1057,1135),(1813,906))
Cell139,(18656,8432),1960,1800,(B1,Z),((1057,1135),(1813,906))
Cell140,(23255,10126),1960,1800,(B1,Z),((1057,1135),(1813,906))
Cell141,(26124,15617),1960,1800,(B1,Z),((1057,1135),(1813,906))
Cell142,(29881,15101),1960,1800,(B1,Z),((1057,1135),(1813,906))
Cell143,(29256,19177),1960,1800,(B1,Z),((1057,1135),(1813,906))
Cell144,(31124,22386),1960,1800,(B1,Z),((1057,1135),(1813,906))
Cell145,(21424,31129),1120,1800,(I),((335,875))
Cell146,(29745,10780),1120,1800,(I),((335,875))
Cell147,(32152,13309),1120,1800,(I),((335,875))
Cell148,(35351,15462),1120,1800,(I),((335,875))
Cell149,(35642,18349),1120,1800,(I),((335,875))
Cell150,(19423,19182),1120,1800,(I),((335,875))
Cell151,(18952,32363),560,1800,(I,ZN),((205,860),(438,815))
Cell152,(36118,18366),560,1800,(I,ZN),((205,860),(438,815))
Cell153,(34295,15726),560,1800,(I,ZN),((205,860),(438,815))
Cell154,(32318,13388),560,1800,(I,ZN),((205,860),(438,815))
Cell155,(29195,11095),560,1800,(I,ZN),((205,860),(438,815))
Cell156,(19892,10483),8120,1800,(A,CI,B,CO),((2613,1120),(3909,774),(1914,614),(6300,845))
Cell157,(17491,11868),8120,1800,(B,CO,CI,A),((1914,614),(6300,845),(3909,774),(2613,1120))
Cell158,(15275,14131),8120,1800,(B,CI,A,CO),((1914,614),(3909,774),(2613,1120),(6300,845))
Cell159,(12917,16657),8120,1800,(B,CO,CI,A),((1914,614),(6300,845),(3909,774),(2613,1120))
Cell160,(12527,21682),8120,1800,(A,CO,CI,B),((2613,1120),(6300,845),(3909,774),(1914,614))
Cell161,(13268,24086),8120,1800,(B,CI,A,CO),((1914,614),(3909,774),(2613,1120),(6300,845))
Cell162,(14069,26636),8120,1800,(B,CO,CI,A),((1914,614),(6300,845),(3909,774),(2613,1120))
Cell163,(14139,29108),8120,1800,(B,CI,A,CO),((1914,614),(3909,774),(2613,1120),(6300,845))
Cell164,(18247,32153),1120,1800,(A2,Z,A1),((540,900),(973,876),(200,835))
Cell165,(21220,10297),560,1800,(I,ZN),((205,860),(438,815))
Cell166,(26269,11716),560,1800,(I,ZN),((205,860),(438,815))
Cell167,(14837,17200),560,1800,(I,ZN),((205,860),(438,815))
Cell168,(19612,11941),560,1800,(I,ZN),((205,860),(438,815))
Cell169,(16394,19573),560,1800,(I,ZN),((205,860),(438,815))
Cell170,(16373,27028),560,1800,(I,ZN),((205,860),(438,815))
Cell171,(15353,23891),560,1800,(I,ZN),((205,860),(438,815))
Cell172,(14148,21528),560,1800,(I,ZN),((205,860),(438,815))
Cell173,(18581,31156),560,1800,(I,ZN),((205,860),(438,815))
Cell174,(16385,29340),560,1800,(I,ZN),((205,860),(438,815))
Cell175,(14500,19138),4760,1800,(B,S,CI,A,CO),((1443,619),(4613,910),(2152,852),(2768,1221),(3901,1016))
Cell176,(24741,11323),4760,1800,(B,S,CO,CI,A),((1443,619),(4613,910),(3901,1016),(2152,852),(2768,1221))
Cell177,(30977,18415),4760,1800,(B,S,CI,A,CO),((1443,619),(4613,910),(2152,852),(2768,1221),(3901,1016))
Cell178,(32999,18988),560,1800,(I,ZN),((205,860),(438,815))
Cell179,(16164,30961),4760,1800,(B,S,CI,A,CO),((1443,619),(4613,910),(2152,852),(2768,1221),(3901,1016))
Cell180,(27284,13820),4760,1800,(B,S,CI,A,CO),((1443,619),(4613,910),(2152,852),(2768,1221),(3901,1016))
Cell181,(29511,14986),560,1800,(I,ZN),((205,860),(438,815))
Cell182,(29994,15759),4760,1800,(B,S,CI,A,CO),((1443,619),(4613,910),(2152,852),(2768,1221),(3901,1016))
Cell183,(31951,16288),560,1800,(I,ZN),((205,860),(438,815))
Cell184,(18027,32992),1960,1800,(ZN,A1,A2),((1258,775),(490,800),(1587,927))
Cell185,(21026,31120),560,1800,(I,ZN),((205,860),(438,815))
Cell186,(19158,19221),560,1800,(I,ZN),((205,860),(438,815))
Cell187,(33577,21131),1960,1800,(A2,A1,Z),((1440,990),(520,990),(1156,900))
Cell188,(17761,14099),560,1800,(I,ZN),((205,860),(438,815))
Cell189,(33276,21369),560,1800,(I,ZN),((205,860),(438,815))
Cell190,(33826,20023),4480,1800,(A2,A1),((900,825),(2180,800))
Cell191,(31242,22492),4200,1800,(Q,D),((4067,880),(1000,800))
Cell192,(30286,19305),4200,1800,(Q,D),((4067,880),(1000,800))
Cell193,(30505,15765),4200,1800,(Q,D),((4067,880),(1000,800))
Cell194,(26760,16523),4200,1800,(Q,D),((4067,880),(1000,800))
Cell195,(23648,10588),4200,1800,(Q,D),((4067,880),(1000,800))
Cell196,(19080,8652),4200,1800,(Q,D),((4067,880),(1000,800))
Cell197,(17111,10650),4200,1800,(Q,D),((4067,880),(1000,800))
Cell198,(15913,13356),4200,1800,(Q,D),((4067,880),(1000,800))
Cell199,(11501,16621),4200,1800,(Q,D),((4067,880),(1000,800))
Cell200,(13402,19220),4200,1800,(Q,D),((4067,880),(1000,800))
Cell201,(11852,21439),4200,1800,(Q,D),((4067,880),(1000,800))
Cell202,(12780,23363),4200,1800,(Q,D),((4067,880),(1000,800))
Cell203,(14507,27071),4200,1800,(Q,D),((4067,880),(1000,800))
Cell204,(14034,29522),4200,1800,(Q,D),((4067,880),(1000,800))
Cell205,(17979,32952),4200,1800,(Q,D),((4067,880),(1000,800))
Cell206,(16983,31193),4200,1800,(Q,D),((4067,880),(1000,800))
Cell207,(31618,22266),1960,1800,(A2,B1,Z),((207,855),(1057,1135),(1813,906))
Cell208,(30394,19158),1960,1800,(A2,B1,Z),((207,855),(1057,1135),(1813,906))
Cell209,(30735,15520),1960,1800,(A2,B1,Z),((207,855),(1057,1135),(1813,906))
Cell210,(27135,16119),1960,1800,(A2,B1,Z),((207,855),(1057,1135),(1813,906))
Cell211,(23887,10455),1960,1800,(A2,B1,Z),((207,855),(1057,1135),(1813,906))
Cell212,(19433,8656),1960,1800,(A2,B1,Z),((207,855),(1057,1135),(1813,906))
Cell213,(17413,10546),1960,1800,(A2,B1,Z),((207,855),(1057,1135),(1813,906))
Cell214,(16010,13127),1960,1800,(A2,B1,Z),((207,855),(1057,1135),(1813,906))
Cell215,(11723,16503),1960,1800,(A2,B1,Z),((207,855),(1057,1135),(1813,906))
Cell216,(13540,19072),1960,1800,(A2,B1,Z),((207,855),(1057,1135),(1813,906))
Cell217,(11925,21359),1960,1800,(A2,B1,Z),((207,855),(1057,1135),(1813,906))
Cell218,(12860,23300),1960,1800,(A2,B1,Z),((207,855),(1057,1135),(1813,906))
Cell219,(14487,26818),1960,1800,(A2,B1,Z),((207,855),(1057,1135),(1813,906))
Cell220,(14132,29326),1960,1800,(A2,B1,Z),((207,855),(1057,1135),(1813,906))
Cell221,(16983,31117),1960,1800,(A2,B1,Z),((207,855),(1057,1135),(1813,906))
Cell222,(18079,32808),1960,1800,(A2,B1,Z),((207,855),(1057,1135),(1813,906))
